5.400000000000000000e+01
6.100000000000000000e+01
7.700000000000000000e+01
5.800000000000000000e+01
1.000000000000000000e+02
7.400000000000000000e+01
5.400000000000000000e+01
5.200000000000000000e+01
5.700000000000000000e+01
7.300000000000000000e+01
8.400000000000000000e+01
6.500000000000000000e+01
5.600000000000000000e+01
8.600000000000000000e+01
7.300000000000000000e+01
6.100000000000000000e+01
5.500000000000000000e+01
6.800000000000000000e+01
7.000000000000000000e+01
6.600000000000000000e+01
